### GRB	ra	dec	Error radius	Trigger	T90	eT90	T90 start	flux64	err flux64	T50	eT50	T50 start
GRB141205337	92.859	37.876	0.033	56996.337007995	1.28	0.572	-0.256	6.3299	1.5881	0.256	0.572	0.0
GRB141206254	320.56	2.42	9.29	56997.254070718	4.608	1.557	-1.28	3.4086	0.8422	2.048	0.724	-0.512
GRB141208632	359.26	26.44	16.98	56999.631924993	0.96	0.834	-0.96	6.7821	1.4608	0.576	0.429	-0.64
GRB141213300	248.19	18.06	8.72	57004.300178577	0.768	0.513	-0.064	15.8008	1.5719	0.192	0.072	0.032
GRB150101270	312.603	36.7332	0.0008	57023.270066683	0.48	0.959	-0.416	5.8286	1.1926	0.224	0.101	-0.256
GRB150110923	289.36	32.522	0.05	57032.922591549	2.56	0.832	-1.024	3.9462	1.1889	1.152	0.231	-0.32
GRB150120123	10.3188	33.9948	0.001	57042.123460702	3.328	1.382	-0.64	4.7869	1.3561	0.576	0.32	-0.256
GRB150201040	5.63	19.75	13.92	57054.039517231	0.512	1.154	-0.32	4.978	1.2227	0.128	0.373	-0.192
GRB150208929	350.67	34.89	4.17	57061.928687689	0.128	0.528	-0.128	5.0785	1.1755	0.064	0.202	-0.128
GRB150215026	305.62	3.38	14.68	57068.026002282	0.512	0.716	-0.256	2.6168	0.7431	0.256	0.231	-0.192
GRB150226223	63.5	22.51	1.28	57079.222532152	1.408	0.181	-0.064	36.3272	2.107	0.512	0.091	0.256
GRB150316400	15.89	53.14	11.44	57097.400106465	1.984	1.541	-1.472	2.9577	1.0714	0.896	0.543	-1.216
GRB150325696	133.14	37.75	10.17	57106.695862213	0.08	0.92	-0.032	6.4082	1.038	0.032	0.045	-0.016
GRB150412507	186.79	2.91	17.59	57124.507369695	0.576	1.319	-0.128	5.9032	1.0491	0.256	0.231	-0.128
GRB150412931	220.26	20.13	8.11	57124.93097456	0.64	0.861	-0.448	4.9471	0.9535	0.256	0.143	-0.128
GRB150506972	29.25	-3.37	15.95	57148.971703676	0.384	0.181	-0.192	4.9413	0.8674	0.192	0.143	-0.064
GRB150522944	130.86	58.58	10.47	57164.943565601	1.024	0.58	-0.128	4.3657	0.9951	0.256	0.143	-0.064
GRB150605782	217.86	14.71	12.72	57178.782164765	0.176	1.243	-0.048	8.2619	1.2928	0.016	0.045	-0.032
GRB150609316	52.26	31.63	14.15	57182.316196559	0.256	0.276	-0.24	4.6326	0.8436	0.016	0.195	-0.032
GRB150705588	66.54	-6.62	12.6	57208.588328796	0.704	0.73	-0.256	7.609	1.2983	0.128	0.181	-0.128
GRB150715136	157.26	23.57	19.91	57218.135742932	0.384	0.181	-0.192	4.5781	0.8813	0.192	0.091	-0.064
GRB150721431	251.6	20.06	29.32	57224.431324621	0.32	0.181	-0.064	5.948	1.3672	0.192	0.202	-0.064
GRB150728151	100.44	17.06	7.53	57231.151001083	1.728	0.373	0.0	7.7948	1.0132	1.344	0.181	0.064
GRB150810485	283.2	21.18	3.0	57244.484825346	1.28	1.026	-0.064	17.9371	1.1123	0.256	0.143	0.0
GRB150819440	59.386	39.701	0.5	57253.439808993	0.96	0.091	-0.064	148.439	3.7663	0.576	0.091	0.0
GRB150901924	16.34	13.52	17.12	57266.924125821	0.256	1.145	-0.064	7.0986	1.3136	0.128	0.202	-0.064
GRB150906944	212.04	1.09	5.19	57271.943603088	0.32	0.21	-0.256	13.5975	1.3608	0.032	0.023	-0.032
GRB150922234	294.381	-5.486	0.18	57287.23436431	0.144	0.036	-0.016	23.2828	1.261	0.064	0.045	0.048
GRB150923297	316.8	31.82	10.76	57288.296946575	0.192	1.462	-0.112	7.7422	1.0298	0.064	0.068	-0.048
GRB151022577	110.37	40.23	21.36	57317.577107513	0.32	0.648	-0.16	10.8668	1.5233	0.064	0.072	-0.032
GRB151024179	232.86	22.95	11.11	57319.179092135	4.608	2.36	-3.072	3.5067	1.1285	1.792	0.362	-1.536
GRB151222340	355.18	36.7	2.89	57378.340435463	0.768	0.362	-0.256	12.8641	1.8646	0.256	0.362	0.0
GRB151229486	346.49	6.91	16.11	57385.486185977	0.16	0.202	-0.064	6.0491	1.4331	0.064	0.072	-0.032
GRB151231568	150.08	28.81	3.05	57387.568150062	0.832	0.405	-0.064	14.7678	1.2153	0.192	0.091	0.0
GRB160211119	123.2	53.43	4.97	57429.118614305	0.96	1.042	-0.768	3.2025	1.1295	0.448	0.143	-0.384
GRB160219289	1.3524	-21.9573	20.0	57437.289098816	3.52	0.181	0.0	19.1923	1.1052	3.2	0.181	0.0
GRB160224911	319.87	0.75	9.41	57442.910681372	0.384	1.778	-0.064	4.5244	1.2489	0.256	0.231	0.064
GRB160314473	161.99	2.83	19.99	57461.473211666	1.664	0.73	-0.704	5.8799	1.1809	0.192	0.607	-0.064
GRB160315739	319.91	-22.11	23.05	57462.73947154	3.328	1.086	-2.816	3.8517	1.1909	1.536	0.923	-2.048
GRB160406503	261.797	32.263	11.8	57484.503203683	0.432	1.105	-0.336	17.2139	1.2349	0.064	0.045	-0.016
GRB160609690	24.35	44.95	10.41	57548.689775881	1.6	1.145	-0.32	2.6054	0.9448	0.448	0.547	-0.256
GRB160624477	330.191	29.6439	0.1	57563.477098988	0.384	0.405	-0.256	7.4316	1.0184	0.128	0.181	-0.064
GRB160628136	87.92	38.17	8.52	57567.136357498	5.888	2.429	-1.536	6.1343	1.292	1.792	1.379	-0.256
GRB160726065	98.821	-6.644	0.05	57595.065367108	0.768	0.345	-0.064	23.2535	1.4255	0.192	0.143	0.448
GRB160727971	145.99	16.4	3.86	57596.97070913	3.136	2.294	-2.24	7.6942	1.3077	1.28	0.516	-1.024
GRB160804180	122.86	50.3	6.69	57604.179667179	0.64	0.091	-0.064	11.2363	1.3495	0.384	0.091	0.064
GRB160804968	93.26	-7.66	6.13	57604.967752555	0.192	0.643	-0.16	12.9018	1.2267	0.064	0.072	-0.032
GRB160806584	274.477	10.607	0.54	57606.584009497	1.664	0.453	-0.192	18.5319	2.0951	0.448	0.181	0.128
GRB160814622	21.71	56.51	16.06	57614.621509048	1.664	1.9	-0.832	2.5488	0.7955	0.576	0.32	-0.64
GRB160818230	163.6	37.4	7.76	57618.229786369	2.176	0.905	-1.984	8.1791	2.0465	0.256	1.032	-0.192
GRB160820496	11.338	24.933	2.3	57620.495956554	0.448	0.143	-0.064	12.8839	1.0113	0.192	0.143	0.0
GRB160822672	272.129	3.584	0.54	57622.671990857	0.04	0.385	-0.016	295.758	42.807	0.008	0.018	-0.008
GRB160826938	104.46	-1.02	14.45	57626.938088868	1.792	0.773	-1.344	4.1098	1.0212	0.64	0.181	-0.832
GRB161015400	170.45	58.2	15.13	57676.400012779	0.192	0.847	-0.096	6.5109	1.3984	0.064	0.072	-0.064
GRB161026373	67.7	41.85	11.68	57687.373105102	0.112	0.21	-0.032	5.8574	1.0767	0.048	0.051	-0.016
GRB161115745	351.59	58.06	8.44	57707.744810468	0.032	2.24	-0.048	6.2573	0.8757	0.032	0.045	-0.048
GRB161121186	130.39	39.73	17.76	57713.185848375	0.128	0.64	-0.128	2.7172	0.8773	0.064	0.487	-0.128
GRB161217128	216.63	51.98	7.56	57739.127613266	3.584	2.36	-1.536	3.124	1.0173	1.536	0.923	-1.024
GRB161227498	79.5	39.15	4.88	57749.498127478	2.56	1.68	-0.448	7.3427	1.1327	0.704	0.231	0.064
GRB170101374	157.49	28.9	9.07	57754.374003577	2.304	0.689	-0.576	3.8352	1.2153	1.088	0.32	-0.192
GRB170111760	117.61	61.52	14.74	57764.760140332	0.832	0.781	-0.704	6.5316	1.1745	0.128	0.091	-0.128
GRB170121133	241.99	13.81	9.08	57774.132546581	1.6	0.905	-1.472	7.1102	1.1221	0.576	0.389	-0.64
GRB170124528	10.85	11.02	3.83	57777.528113792	0.448	0.559	-0.32	6.9153	1.3474	0.128	0.091	-0.032
GRB170125022	264.14	28.58	12.65	57778.021686389	3.904	1.12	-2.432	2.6541	0.926	1.6	0.462	-1.6
GRB170203486	245.09	-0.51	14.06	57787.486410358	0.336	0.506	-0.064	6.8885	1.3493	0.144	0.116	-0.048
GRB170206453	212.79	14.48	0.85	57790.452751111	1.168	0.102	0.208	56.9466	2.0659	0.576	0.045	0.496
GRB170219002	54.843	50.072	1.41	57803.002165776	0.096	0.437	-0.032	35.242	2.3549	0.048	0.036	-0.016
GRB170222209	292.956	28.211	0.8	57806.209017133	1.664	0.143	-0.064	17.7821	1.8713	0.832	0.091	0.256
GRB170302166	154.25	29.39	12.18	57814.165558823	3.84	1.9	-0.768	6.8015	1.1846	1.472	0.181	-0.32
GRB170305256	38.66	12.09	3.66	57817.256328523	0.448	0.072	-0.032	31.0085	1.6179	0.128	0.045	0.032
GRB170318644	284.306	6.2987	0.002	57830.644364447	4.096	2.319	-2.112	3.7851	1.0556	1.152	0.692	-0.576
GRB170325331	127.483	20.526	0.03	57837.331227327	0.576	0.326	-0.064	8.0745	1.2088	0.128	0.091	0.0
GRB170403583	259.339	18.373	0.7	57846.582844879	0.48	0.378	-0.096	16.1144	1.4708	0.08	0.058	0.0
GRB170430204	34.88	-15.17	62.38	57873.204395215	0.384	0.773	-0.192	6.6459	1.086	0.064	0.231	-0.128
GRB170504734	292.76	27.64	9.71	57877.734386405	0.704	1.139	-0.832	4.2877	1.227	0.256	0.429	-0.448
GRB170506169	112.26	51.87	9.69	57879.168613439	0.832	1.95	-0.448	7.7342	1.6302	0.32	0.32	0.0
GRB170511477	94.9	56.56	6.79	57884.477026888	2.304	1.28	-0.768	7.0188	3.1479	1.408	0.975	-0.512
GRB170520202	244.54	-5.29	16.51	57893.202230329	6.144	5.081	-4.096	5.0094	0.9594	1.28	0.572	-0.768
GRB170604603	340.44	40.67	4.1	57908.602836647	0.32	0.143	-0.064	12.7764	0.9614	0.192	0.091	0.0
GRB170708046	335.835	19.798	0.5	57942.045963608	0.144	0.045	-0.016	55.6362	1.9829	0.064	0.023	0.0
GRB170709334	310.04	2.2	7.49	57943.333610873	1.856	0.898	-0.576	10.0937	1.0484	0.704	0.091	0.0
GRB170711713	278.61	17.24	7.96	57945.712922188	1.152	1.288	-0.832	5.5665	0.9214	0.384	0.143	-0.192
GRB170714049	18.2	29.54	5.35	57948.049202813	0.224	0.396	-0.224	6.0685	0.7532	0.032	0.045	-0.032
GRB170723882	212.58	39.83	14.59	57957.882155696	5.376	3.727	-4.096	4.031	0.9633	1.792	0.724	-2.048
GRB170803172	76.5	23.97	13.3	57968.171710044	6.656	3.338	-0.768	4.9458	1.3506	4.096	1.448	-0.256
GRB170816599	350.841	12.853	0.5	57981.599351331	1.6	0.143	-0.064	26.5651	1.5493	0.192	0.091	0.0
GRB170817908	83.03	50.07	3.69	57982.908037429	2.624	0.181	0.0	10.3739	1.612	1.28	0.181	0.448
GRB170818137	297.22	6.35	11.54	57983.137036799	0.576	2.519	-0.064	14.2539	1.5469	0.192	0.181	-0.064
GRB170826369	64.338	21.074	0.856	57991.36883697	0.256	0.091	-0.16	16.179	1.771	0.096	0.045	-0.032
GRB170901007	23.97	-1.6	18.35	57997.006979389	5.888	2.673	-0.768	4.4768	1.172	2.304	0.724	-0.256
GRB170912985	83.57	7.2	16.51	58008.984868895	0.48	1.0	-0.448	6.9194	1.0165	0.064	0.072	-0.064
GRB170915520	259.83	-10.56	5.79	58011.51963271	0.64	0.87	-0.064	5.7928	0.9705	0.32	0.143	0.0
GRB170918139	36.56	3.52	17.81	58014.139153701	0.128	0.163	-0.032	7.1822	1.4642	0.032	0.045	-0.032
GRB171007498	135.544	42.849	0.005	58033.49837852	3.456	0.345	-1.408	2.3505	0.7373	0.96	0.286	-0.832
GRB171008080	232.59	24.02	12.88	58034.079616833	1.472	1.537	-1.024	7.0458	2.3352	0.384	0.64	-0.128
GRB171011810	177.04	26.93	15.96	58037.810045671	0.48	0.935	-0.448	4.7832	0.6365	0.064	0.358	-0.128
GRB171025213	232.66	42.35	18.56	58051.213126691	6.4	3.482	-2.304	4.1623	1.0065	2.56	0.923	-1.536
GRB171030729	74.09	-19.55	23.39	58056.72899447	0.096	1.016	-0.064	11.6396	2.2344	0.016	0.072	-0.032
GRB171108656	109.952	29.091	4.9	58065.656093797	0.032	0.023	-0.016	686.542	166.489	0.032	0.023	-0.016
GRB171126235	237.84	46.76	3.29	58083.235228109	1.472	0.143	0.0	97.2131	6.0745	0.448	0.091	0.128
GRB171207055	314.39	51.67	9.54	58094.054658007	0.176	0.072	-0.064	5.3358	1.085	0.096	0.068	-0.032
GRB171208733	125.49	9.05	7.55	58095.733214067	2.624	0.81	-0.896	10.1169	1.4122	0.832	0.272	-0.192
GRB171219279	269.62	-18.03	8.68	58106.279364339	1.152	1.19	-0.896	4.6159	0.9404	0.512	0.202	-0.512
GRB171230119	325.29	-12.35	14.77	58117.119052562	1.28	0.528	-1.216	6.9667	1.0671	0.128	0.143	-0.064
GRB180103090	25.4	28.01	6.97	58121.089723587	0.016	0.036	-0.016	4.9041	2.3876	0.016	0.045	-0.016
GRB180110608	126.34	51.27	30.08	58128.608324288	1.536	1.619	-1.024	3.2267	1.1878	0.768	0.572	-0.768
GRB180123820	124.86	30.0	16.83	58141.820020528	0.32	0.932	-0.128	2.9524	0.9244	0.256	0.231	-0.128
GRB180128881	323.18	-13.55	9.22	58146.881475191	1.792	0.923	-0.512	3.0553	0.774	0.768	0.81	-0.256
GRB180130744	136.83	52.69	68.08	58148.744060078	0.256	0.916	-0.192	6.2686	2.3431	0.128	0.202	-0.128
GRB180201780	75.82	52.5	9.21	58150.780387696	0.64	0.547	-0.576	6.7468	1.313	0.128	0.181	-0.192
GRB180204109	330.134	30.8381	0.001	58153.108529238	1.152	0.091	-0.064	19.6614	1.5738	0.896	0.091	0.064
GRB180206203	230.74	20.39	7.63	58155.202812522	0.448	0.181	-0.32	6.8325	1.1208	0.128	0.143	-0.064
GRB180225417	180.98	-9.49	7.47	58174.417293697	0.896	1.134	-0.448	5.4213	0.881	0.576	0.326	-0.384
GRB180227211	98.61	-5.44	6.88	58176.211302784	0.288	1.438	-0.224	8.0981	1.3595	0.064	0.091	-0.064
GRB180404848	101.66	12.56	8.54	58212.847587482	0.544	0.842	-0.48	19.4061	2.3236	0.064	0.143	-0.128
GRB180418281	170.121	24.9328	0.001	58226.28062826	2.56	0.202	-0.064	7.5584	1.1389	0.512	0.091	0.064
GRB180511364	250.42	-8.18	15.07	58249.363608631	0.128	1.207	-0.032	9.2077	0.9902	0.032	0.045	-0.016
GRB180511437	257.78	9.07	10.16	58249.43741442	1.984	0.968	-0.256	7.6375	1.2015	0.768	0.181	0.128
GRB180523782	168.38	49.45	12.94	58261.782269756	1.984	1.35	-0.064	4.5709	0.8723	0.768	0.487	0.0
GRB180524920	83.75	30.11	11.92	58262.920166338	4.096	1.305	-1.792	2.8703	0.7876	1.28	0.362	-1.024
GRB180525151	103.29	19.93	14.9	58263.151378266	0.544	0.689	-0.064	8.9971	1.066	0.096	0.115	-0.032
GRB180617872	106.89	24.87	8.24	58286.871799346	1.92	0.779	-0.96	9.2669	1.3305	0.384	0.143	-0.128
GRB180626392	285.06	44.82	8.21	58295.391558426	0.96	0.405	-0.64	10.0016	1.6106	0.256	0.264	-0.064
GRB180715087	331.19	39.17	12.64	58314.086973099	5.12	3.083	-1.024	3.053	0.9598	1.792	1.145	-0.512
GRB180715755	235.069	-0.925	0.05	58314.754919691	0.704	0.286	-0.192	8.4063	1.2844	0.384	0.091	0.0
GRB180718082	336.019	2.79	0.05	58317.081766214	0.08	0.182	-0.048	9.0129	0.9926	0.032	0.045	-0.032
GRB180721642	235.15	12.92	12.81	58320.642452938	0.064	0.072	-0.032	5.2222	1.0762	0.032	0.091	-0.032
GRB180728882	222.078	15.942	2.88	58327.881931861	0.832	0.58	-0.064	16.3266	1.6357	0.128	0.091	0.128
GRB180730018	98.03	44.54	8.29	58329.017828046	0.256	0.707	-0.256	9.451	1.8408	0.064	0.091	-0.064
GRB180801276	240.92	-11.43	8.83	58331.275735119	0.32	0.551	-0.064	6.8285	0.7474	0.256	0.181	-0.064
GRB180803590	71.63	57.65	17.37	58333.590158957	0.384	2.382	-0.384	4.4711	0.8945	0.128	0.286	-0.256
GRB180804909	178.76	29.9	14.5	58334.909053011	4.608	3.083	-4.096	3.5356	1.1791	1.28	0.724	-2.048
GRB180818179	179.71	35.86	12.54	58348.179132288	4.416	1.319	-0.576	6.3003	1.2128	2.752	0.962	-0.064
GRB180906988	318.44	-5.47	9.63	58367.987895415	3.328	0.362	-0.256	8.3333	1.3429	2.304	0.572	0.256
GRB180913783	350.85	44.37	6.73	58374.783420604	0.768	0.143	-0.064	7.2412	0.967	0.512	0.143	0.128
GRB180917477	160.46	-3.46	14.48	58378.476872735	4.864	1.81	-3.072	5.9742	1.222	1.792	0.572	-2.048
GRB180927993	236.05	-1.72	5.7	58388.992594828	4.608	3.208	-1.024	16.0947	26.5301	1.536	0.81	-0.256
GRB180929453	244.69	-8.95	8.4	58390.453170363	2.944	0.345	-0.256	5.369	1.1554	2.496	0.272	-0.064
GRB181002617	270.41	-6.49	7.78	58393.616520157	1.664	0.202	-0.064	5.6275	1.0049	0.96	0.091	0.064
GRB181016718	11.43	22.38	14.62	58407.717655133	0.08	0.788	-0.032	7.2417	1.4274	0.032	0.072	-0.032
GRB181121307	130.95	31.5	18.31	58443.306588746	0.256	0.528	-0.32	3.361	1.134	0.064	0.181	-0.192
GRB181121401	251.47	37.58	8.0	58443.400686286	0.192	0.516	-0.064	6.0643	0.9032	0.128	0.091	-0.064
GRB181125371	268.413	-2.613	0.05	58447.371316347	3.84	2.29	-1.792	3.6648	1.162	1.28	0.724	-1.28
GRB181126162	80.58	18.71	7.02	58448.161693865	1.664	0.453	-1.472	7.404	1.0236	1.152	0.181	-1.152
GRB181222841	311.15	22.86	1.6	58474.841405537	0.576	0.023	0.032	628.069	7.8313	0.112	0.023	0.144
GRB190226515	224.43	-8.61	5.11	58540.515111993	0.192	0.132	-0.032	11.0941	1.1355	0.16	0.072	0.0
GRB190323548	15.33	-3.88	12.13	58565.547972713	1.28	1.864	-0.512	3.8041	0.8296	0.768	0.572	-0.256
GRB190407788	202.74	-7.95	2.66	58580.787981223	2.432	0.779	0.0	30.7464	1.6136	0.576	0.181	0.448
GRB190427190	280.213	40.322	0.05	58600.190452323	0.368	0.072	-0.016	18.8148	1.9619	0.064	0.082	-0.016
GRB190504678	137.43	33.01	7.65	58607.678105479	0.704	0.528	-0.576	5.0404	1.0374	0.256	0.181	-0.256
GRB190505051	335.39	42.18	9.54	58608.05149687	0.032	0.025	-0.016	8.408	1.1311	0.016	0.011	-0.016
GRB190510430	128.13	33.55	3.54	58613.430046804	0.64	0.091	-0.064	8.8894	0.8451	0.384	0.143	0.064
GRB190515190	137.687	29.276	0.907	58618.18961962	1.264	0.471	-0.112	8.1743	0.8857	0.224	0.091	0.064
GRB190525032	338.02	5.45	4.04	58628.031801524	0.896	0.202	-0.064	8.0021	0.7541	0.448	0.143	0.064
GRB190531568	274.17	38.86	18.06	58634.568099793	0.32	0.943	-0.08	3.6159	1.3579	0.048	0.086	-0.064
GRB190601325	162.98	54.59	8.28	58635.324585368	0.64	0.749	-0.128	7.0909	0.9167	0.256	0.143	-0.064
GRB190605974	337.24	4.79	6.76	58639.973924975	3.584	0.516	-0.64	5.2199	1.3517	1.536	0.345	0.0
GRB190606080	76.54	-0.68	3.0	58640.079951114	0.224	0.036	0.0	119.089	2.7156	0.096	0.036	0.064
GRB190610834	314.83	-15.93	11.23	58644.833607463	3.072	2.36	-2.304	4.4964	1.1966	1.28	0.724	-1.792
GRB190630257	306.98	-1.33	7.65	58664.256924989	0.224	0.187	-0.16	14.1657	1.1468	0.096	0.045	-0.128
GRB190724031	170.35	15.15	13.62	58688.030518429	0.08	1.136	-0.032	9.0125	0.9422	0.032	0.023	-0.016
GRB190728271	356.69	5.43	5.69	58692.271259866	0.832	0.905	-0.64	18.602	1.9184	0.128	0.091	-0.064
GRB190822705	132.27	-8.08	12.49	58717.705198102	0.768	0.389	-0.128	6.7756	1.0451	0.128	0.202	-0.064
GRB190905985	234.48	3.12	3.62	58731.985051952	0.704	1.032	-0.576	11.6003	1.7385	0.256	0.202	-0.128
GRB190913155	253.34	44.97	12.99	58739.154969121	0.128	1.235	-0.096	9.9142	1.3349	0.032	0.045	-0.064
GRB190923617	8.2	-11.02	4.92	58749.616698509	3.584	0.779	-0.64	20.4652	1.5265	1.088	0.143	0.064
GRB191017957	134.55	15.33	12.39	58773.957182713	3.136	2.099	-0.32	4.9894	1.0398	0.448	0.272	0.0
GRB191028174	319.2	-11.29	8.75	58784.173627292	4.864	3.482	-0.768	5.1654	1.3021	2.048	0.572	0.0
GRB191031891	283.275	47.639	0.05	58787.891332502	0.256	0.023	0.0	48.7051	1.598	0.128	0.023	0.032
GRB191117637	157.417	7.2333	13.0667	58804.637249546	1.28	0.87	-0.512	5.4492	1.0904	0.64	0.286	-0.192
GRB191203290	332.39	51.81	34.25	58820.289804121	0.832	0.64	-0.448	3.9433	1.3086	0.448	0.231	-0.32
GRB200128153	158.65	41.57	18.95	58876.152844618	0.576	0.181	-0.192	14.125	2.3808	0.128	0.091	-0.064
GRB200221162	157.1	33.14	5.04	58900.161790639	1.728	1.336	-0.576	3.6624	1.4045	0.512	0.32	-0.256
GRB200224416	187.02	-19.55	12.52	58903.415793599	0.064	1.922	-0.032	6.9505	1.2275	0.032	0.045	-0.032
GRB200306934	349.53	5.1	27.95	58914.934320911	0.992	1.226	-0.512	7.3297	1.3198	0.096	0.132	-0.064
GRB200313456	202.17	40.5	5.27	58921.456390395	5.184	4.362	-0.256	8.8856	1.3986	0.832	0.389	0.0
GRB200327873	236.54	-4.217	3.6	58935.872779691	0.64	0.59	-0.064	19.1955	1.4208	0.128	0.091	0.0
GRB200407265	278.11	2.43	4.03	58946.265294925	3.072	0.5	-1.152	6.2515	1.2704	1.216	0.143	-0.064
GRB200420106	304.61	-20.27	27.3	58959.106233768	0.32	1.036	-0.224	3.119	1.0359	0.16	0.115	-0.128
GRB200514380	238.32	37.22	13.12	58983.380290785	1.664	0.607	-0.384	3.1173	0.8999	0.448	0.286	-0.192
GRB200626105	87.35	16.13	15.17	59026.105228609	3.52	1.548	-0.576	4.8968	1.0248	1.152	0.231	-0.256
GRB200703341	245.91	-7.37	8.92	59033.341430681	0.704	0.58	-0.064	12.4974	1.5035	0.256	0.181	0.0
GRB200706231	89.35	54.61	48.53	59036.23066349	0.832	0.577	-0.064	4.7058	1.0715	0.16	0.115	0.032
GRB200710036	77.88	3.98	16.6	59040.036192972	0.288	1.314	-0.128	6.5247	0.9445	0.064	0.258	-0.096
GRB200713919	231.04	-12.3	3.28	59043.918519587	5.12	2.172	-1.792	5.6277	1.4638	2.304	1.305	-0.768
GRB200714661	13.73	31.07	28.9	59044.661305483	3.328	2.202	-4.608	2.5493	0.9036	0.768	0.81	-3.328
GRB200818998	207.61	22.12	11.79	59079.998128904	4.096	1.864	-4.352	5.2615	1.3985	2.048	1.145	-3.584
GRB200824594	117.68	10.47	15.44	59085.594199283	3.584	4.104	-2.304	3.1425	1.048	1.024	0.81	-0.512
GRB200826187	4.67	35.29	1.74	59087.187414012	1.136	0.132	0.032	64.2526	2.0508	0.304	0.023	0.304
GRB200903902	9.75	-2.86	14.55	59095.902066853	7.168	4.891	-1.792	5.1643	1.185	2.048	1.864	-0.768
GRB200915144	354.66	34.95	16.65	59107.143926471	1.536	1.409	-0.32	2.3135	0.9125	0.64	0.668	-0.064
GRB200915846	188.89	43.3	11.11	59107.845547938	0.96	0.32	-0.064	12.5183	1.8287	0.128	0.091	-0.064
GRB200919569	55.55	35.64	8.89	59111.568646569	2.56	0.516	-0.832	4.7983	1.3472	1.024	0.272	-0.256
GRB200920831	158.01	7.12	6.26	59112.831245025	0.384	0.968	-0.064	12.0112	1.0309	0.256	0.143	0.0
GRB200922718	182.02	-1.96	9.45	59114.717981685	0.32	0.091	-0.064	5.3308	0.8611	0.192	0.091	0.0
GRB200928290	58.88	-14.43	11.72	59120.290266208	0.128	0.516	-0.128	5.199	1.2437	0.064	0.091	-0.064
GRB201008443	161.859	46.1019	0.0013	59130.442785943	2.048	0.572	0.0	7.3045	1.352	0.768	0.362	0.768
GRB201016019	174.3	-1.96	1.0	59138.019323989	2.944	0.091	6.304	324.947	5.0124	1.152	0.091	6.88
GRB201104622	225.75	39.42	22.58	59157.622466019	0.96	0.547	-0.896	4.492	1.4144	0.832	0.842	-0.832
GRB201105215	234.73	-3.68	7.86	59158.214956396	4.608	2.996	-2.048	8.4586	1.2884	2.816	0.572	-1.024
GRB201105482	314.98	34.5	16.38	59158.482284421	0.96	1.056	-0.832	4.0648	1.1403	0.32	0.854	-0.32
GRB201109105	136.09	-5.13	3.27	59162.104928161	0.448	0.264	-0.064	18.4435	1.1941	0.192	0.143	0.0
GRB201111323	80.55	-16.62	12.08	59164.323448892	3.584	3.221	-0.768	6.7796	1.2316	0.96	0.842	-0.064
GRB201130230	165.93	29.63	21.16	59183.229740183	1.28	0.781	-0.256	5.3103	1.1231	0.512	0.345	-0.128
GRB201214672	187.971	9.1031	0.0333	59197.672067325	0.448	0.181	-0.448	5.079	0.7505	0.256	0.389	-0.32
GRB201221591	110.61	32.04	4.06	59204.591470074	0.032	0.369	-0.016	15.7784	1.4022	0.016	0.023	-0.016
GRB201221963	171.059	42.1432	0.001	59204.9628973	0.144	0.066	-0.032	40.6065	2.1297	0.08	0.036	0.0
GRB201231622	124.62	39.06	17.94	59214.622025487	0.256	0.5	-0.064	8.1044	1.3049	0.064	0.143	-0.064
GRB210309999	143.31	-5.87	11.36	59282.998554734	0.512	0.231	-0.384	5.4496	0.9757	0.256	0.286	-0.192
GRB210323918	317.946	25.3699	0.005	59296.918268478	0.96	0.781	-0.064	21.2731	1.456	0.128	0.091	0.064
GRB210326057	58.01	15.06	39.17	59299.05723294	0.576	0.345	-0.128	4.5274	0.9015	0.192	0.143	-0.064
GRB210404141	175.55	2.34	18.57	59308.14123146	1.344	0.746	-0.128	6.5091	1.2936	0.64	0.389	-0.128
GRB210413991	186.07	49.6	18.41	59317.990884847	2.048	0.951	-1.152	5.7328	1.309	0.96	0.362	-0.576
GRB210417957	157.46	2.32	13.82	59321.956794466	0.832	0.466	-0.384	4.4655	1.4193	0.448	0.572	-0.32
GRB210424694	186.36	37.78	8.58	59328.69445577	5.888	2.589	-2.24	8.3239	1.1805	1.344	0.345	-0.192
GRB210501940	220.66	56.4	13.61	59335.939608277	0.832	0.202	-0.448	6.0073	1.2696	0.32	0.091	-0.128
GRB210507778	285.86	-7.49	4.85	59341.778218073	2.816	1.557	-0.256	6.8262	1.4103	1.28	0.572	0.0
GRB210510806	192.33	44.86	21.68	59344.805565166	1.344	0.792	-0.192	4.7447	0.8862	0.384	0.143	-0.128
GRB210512789	137.93	14.16	14.51	59346.78892729	0.832	0.73	-0.192	4.8875	1.3176	0.256	0.143	-0.064
GRB210518889	192.85	36.92	6.1	59352.889096235	0.896	0.59	-0.192	2.4853	0.8081	0.256	0.547	-0.128
GRB210529677	15.84	-15.67	10.95	59363.677369447	2.368	0.781	-1.344	3.9273	1.2062	0.704	0.272	-0.192
GRB210601724	275.16	11.25	19.48	59366.72376779	0.96	0.64	-0.768	5.6416	1.1109	0.32	0.389	-0.32
GRB210618072	235.82	46.043	0.05	59383.071946068	3.584	0.96	-1.408	3.8977	1.4139	1.408	0.373	-0.192
GRB210619532	73.88	12.49	1.62	59384.531756131	1.28	0.202	-0.064	26.8849	1.5022	0.512	0.091	0.064
GRB210711432	342.69	9.29	11.1	59406.43187702	1.6	1.139	-0.704	4.1493	1.1232	0.128	0.091	-0.192
GRB210715866	322.3	6.6	9.07	59410.86563203	0.384	0.543	-0.064	8.1656	1.165	0.32	0.181	0.0
GRB210822729	238.17	18.02	4.75	59448.729450104	2.176	0.898	-0.064	9.7144	1.212	0.512	0.272	0.256
GRB210903021	270.9	15.59	26.08	59460.021366287	1.344	1.558	-1.024	2.9702	0.9595	0.256	1.073	-0.064
GRB210912522	338.28	21.11	12.22	59469.521924672	2.56	5.184	-2.816	3.7043	1.1055	1.28	1.28	-2.048
GRB210927031	236.37	7.8	12.39	59484.030530771	1.088	0.771	-0.32	6.8598	1.0234	0.064	0.264	-0.064
GRB210929154	317.8	12.34	14.05	59486.153926575	1.92	1.675	-1.088	4.136	0.7841	0.192	0.202	-0.192
GRB210929821	262.95	2.44	13.31	59486.82109272	10.752	8.208	-0.512	4.6303	1.3486	1.28	0.81	-0.256
GRB211021460	27.97	27.07	5.45	59508.460350826	2.816	0.572	-0.256	14.7761	1.5164	1.536	0.362	0.256
GRB211024065	28.053	-6.973	0.1	59511.065409708	0.064	0.036	-0.016	10.4851	1.3761	0.064	0.036	-0.016
GRB211104782	16.85	17.53	22.19	59522.782069506	0.704	0.64	-0.704	190.065	70.4119	0.384	0.58	-0.448
GRB211217295	8.88	4.45	5.73	59565.294795455	4.096	1.619	-1.28	10.8786	1.7366	1.536	0.362	-0.512
GRB220104167	197.84	42.07	3.1	59583.167391247	2.624	0.779	-0.128	4.0002	0.9752	1.152	0.32	0.128
GRB220114585	202.88	-11.79	2.36	59593.584576538	0.704	0.373	-0.256	11.2034	1.3057	0.256	0.181	-0.064
GRB220129873	244.35	2.9	22.48	59608.873268577	2.048	2.064	-1.024	3.1889	1.098	0.768	0.724	-0.256
GRB220211047	207.17	39.97	8.66	59621.047093486	0.448	0.466	-0.384	12.7807	2.685	0.128	0.286	-0.064
GRB220321282	170.76	28.94	8.55	59659.282199098	2.24	1.404	-1.088	8.2268	1.0296	0.768	0.326	-0.512
GRB220407167	61.08	-13.91	8.82	59676.167154535	1.408	0.231	-1.472	8.8238	2.3934	0.768	0.231	-0.896
GRB220412713	320.794	-0.223	0.01	59681.7130676	0.16	0.072	-0.032	17.1978	1.2276	0.064	0.045	-0.032
GRB220510147	109.35	-11.86	8.75	59709.146601282	1.472	0.916	-0.64	12.4711	1.7408	0.128	0.091	-0.064
GRB220511571	287.446	17.739	0.01	59710.570797111	16.0	14.017	-11.712	23.295	2.1702	1.472	0.091	0.512
GRB220520876	182.21	13.5	11.87	59719.87613093	1.28	0.345	-0.768	3.8278	0.7698	0.512	0.231	-0.384
GRB220528259	311.21	24.3	4.91	59727.258882101	0.576	0.091	-0.064	8.1674	1.0789	0.256	0.143	0.128
GRB220610906	160.73	24.81	8.25	59740.90598299	1.408	0.202	-0.064	5.0777	0.9437	0.896	0.453	0.128
GRB220617772	156.96	15.53	0.09	59747.771677112	0.704	0.231	-0.128	10.1034	1.2697	0.384	0.091	0.0
GRB220618761	90.64	-21.81	14.94	59748.760821326	0.064	0.885	0.0	1.3854	1.5331	0.032	0.16	0.0
GRB220620016	142.63	58.69	9.23	59750.015811358	0.064	1.083	-0.064	3.4166	0.9074	0.032	0.072	-0.032
GRB220623649	216.11	50.15	4.06	59753.64856981	1.024	0.272	-0.192	5.2522	0.9989	0.576	0.202	0.128
GRB220624316	295.11	52.68	17.34	59754.315926538	2.176	1.946	-0.832	3.235	1.1172	0.768	0.854	-0.64
GRB220702569	160.01	6.5	11.46	59762.569163646	3.84	0.81	-0.768	2.9542	1.0269	2.304	1.145	-0.256
GRB220711279	96.13	33.94	16.85	59771.278560511	1.472	0.143	-0.064	9.1613	1.0348	0.32	0.264	-0.064
GRB220728681	5.41	36.18	15.25	59788.681010923	1.152	0.373	-1.216	5.9463	0.9158	0.256	0.091	-0.32
GRB220729429	316.69	-4.17	11.34	59789.428836929	0.96	0.916	-0.512	5.0787	1.2195	0.384	0.091	0.0
GRB220823145	82.94	2.44	3.01	59814.145050759	1.088	0.771	-0.768	3.3327	0.9458	0.448	0.231	-0.384
GRB220912963	67.15	30.97	12.72	59834.963368825	2.496	0.607	-1.088	4.3937	1.3416	0.256	1.026	-0.064
GRB221004622	356.83	57.71	9.97	59856.622359991	1.536	0.815	-0.96	3.64	1.0866	0.64	0.231	-0.448
GRB221014021	85.91	17.83	14.99	59866.020674677	0.32	1.032	-0.384	2.6276	0.9087	0.128	0.286	-0.32
GRB221022815	118.342	-5.117	0.08	59874.814971668	6.912	4.419	-2.816	8.209	2.2799	2.304	1.864	-2.048
GRB221025040	133.4	11.0	1.3	59877.040490958	0.448	0.143	-0.064	13.3003	0.9171	0.256	0.143	0.0
GRB221120895	41.3225	43.197	0.01	59903.895461232	0.64	0.264	-0.064	7.4484	0.9083	0.128	0.091	0.32
GRB221127352	204.42	47.79	13.27	59910.35220504	0.512	0.389	-0.064	8.433	1.3572	0.32	0.231	-0.064
